game:BurgerTime+
size:{
  cellsize:20-
  gridsize:
    x: 12,
    y: 15
  -
+
Stage 1 Map:Stage1.png+
Stage 1 Map:Stage2.png+
Stage 1 Map:Stage3.png+
Test:
  Ladders: 
    10|10|10|100,
  -
  Platforms:
    10|10|400|4,
  -
  PattyTop:
    120|10|50|10,
    240|10|50|10,
    340|10|50|10,
    440|10|50|10,
  -
  Veggie:
  -
  Burger:
  -
  PattyBottom:
  -
+
Stage 1:
  Plates:
    50|715|150|5,
    200|715|150|5,
    370|715|150|5,
    520|715|150|5,-
  Ladders: 
    15|50|10|139,
    15|280|10|300,
    95|160|10|310,
    180|50|10|529,
    265|50|10|189,
    345|50|10|529,
    425|160|10|210,
    515|50|10|529,
    590|270|10|300,
    680|50|10|249,
    680|390|10|190,-
  Platforms:
    0|70|770|8,
    0|180|220|8,
    330|180|400|8,
    170|240|220|8,
    0|290|220|8,
    500|290|220|8,
    170|347|380|8,
    500|402|220|8,
    0|462|580|8,
    0|570|770|8,-
  PattyTop:
    65|169|50|10,
    230|69|50|10,
    400|69|50|10,
    565|69|50|10-
  Veggie:
    65|279|50|10,
    230|335|50|10,
    400|170|50|10,
    565|170|50|10-
  Burger:
    65|450|50|10,
    230|450|50|10,
    400|340|50|10,
    565|280|50|10-
  PattyBottom:
    65|565|50|10,
    230|565|50|10,
    400|565|50|10,
    565|400|50|10-
+
Stage 2:
  Plates:
    50|545|150|5,
    200|715|150|5,
    370|715|150|5,
    520|545|150|5,-
  Ladders: 
    15|50|10|249,
    105|50|10|249,
    185|50|10|249,
    265|50|10|479,
    350|50|10|589,
    430|50|10|479,
    510|50|10|249,
    595|50|10|249,
    680|50|10|249,-
  Platforms:
    0|70|770|8,
    0|125|390|8,
    0|180|220|8,
    330|180|400|8,
    170|240|220|8,
    500|240|220|8,
    0|290|770|8,
    330|347|220|8,
    170|402|220|8,
    330|455|220|8,
    170|515|770|8,-
  PattyTop:
    65|50|50|10,
    230|50|50|10,
    400|50|50|10,
    565|50|50|10-
  Veggie:
    65|109|50|10,
    230|220|50|10,
    400|340|50|10,
    565|170|50|10-
  Burger:
    65|169|50|10,
    230|109|50|10,
    400|440|50|10,
    565|220|50|10-
  PattyBottom:
    65|279|50|10,
    230|505|50|10,
    400|505|50|10,
    565|279|50|10-
+
Stage 3:
 Plates:
    50|385|150|5,
    50|715|150|5,
    520|715|150|5,
    220|545|150|5,
    390|545|150|5,
    520|385|150|5,-
  Ladders: 
    15|50|10|190,
    15|430|10|140,
    105|430|10|140,
    185|50|10|140,
    185|220|10|470,
    270|50|10|90,
    270|180|10|210,
    270|600|10|90,
    355|600|10|90,
    355|100|10|250,
    440|50|10|90,
    440|220|10|90,
    440|600|10|90,
    520|100|10|150,
    520|275|10|400,
    520|600|10|90,
    600|495|10|90,
    680|50|10|200,
    680|430|10|140,-
  Platforms:
    0|70|770|8,
    0|125|770|8,
    0|180|390|8,
    500|180|220|8,
    0|240|770|8,
    330|295|220|8,
    170|347|380|8,
    0|459|220|8,
    500|459|220|8,
    0|515|220|8,
    500|515|220|8,
    0|570|220|8,
    500|570|220|8,
    170|625|370|8,
    170|680|370|8,-
  PattyTop:
    65|50|50|10,
    230|50|50|10,
    400|50|50|10,
    565|50|50|10,

    65|449|50|10,
    565|449|50|10-
  Veggie:
   65|770|50|10,
    230|770|50|10,
    400|770|50|10,
    565|770|50|10,

    65|770|50|10,
    565|770|50|10-
  Burger:
    65|159|50|10,
    230|109|50|10,
    400|109|50|10,
    565|159|50|10,

    65|505|50|10,
    565|505|50|10-
  PattyBottom:
    65|225|50|10,
    230|225|50|10,
    400|225|50|10,
    565|225|50|10,

    65|550|50|10,
    565|550|50|10-
+
